BI_COMPOSITE_DNP_SBS1_P	BI_COMPOSITE_DNP_SBS2_P	BI_COMPOSITE_DNP_SBS3_P	BI_COMPOSITE_DNP_SBS4_P	BI_COMPOSITE_DNP_SBS5_P	BI_COMPOSITE_DNP_SBS6_S	BI_COMPOSITE_DNP_SBS7a_S	BI_COMPOSITE_DNP_SBS7b_S	BI_COMPOSITE_DNP_SBS7c_S	BI_COMPOSITE_DNP_SBS8_P	BI_COMPOSITE_DNP_SBS9_P	BI_COMPOSITE_DNP_SBS10a_S	BI_COMPOSITE_DNP_SBS11_S	BI_COMPOSITE_DNP_SBS12_P	BI_COMPOSITE_DNP_SBS13_P	BI_COMPOSITE_DNP_SBS14_S	BI_COMPOSITE_DNP_SBS15_S	BI_COMPOSITE_DNP_SBS16_P	BI_COMPOSITE_DNP_SBS17a_P	BI_COMPOSITE_DNP_SBS17b_P	BI_COMPOSITE_DNP_SBS18_P	BI_COMPOSITE_DNP_SBS19_P	BI_COMPOSITE_DNP_SBS21_S	BI_COMPOSITE_DNP_SBS22_P	BI_COMPOSITE_DNP_SBS26_S	BI_COMPOSITE_DNP_SBS28_P	BI_COMPOSITE_DNP_SBS30_P	BI_COMPOSITE_DNP_SBS33_P	BI_COMPOSITE_DNP_SBS35_P	BI_COMPOSITE_DNP_SBS36_P	BI_COMPOSITE_DNP_SBS37_P	BI_COMPOSITE_DNP_SBS38_S	BI_COMPOSITE_DNP_SBS39_P	BI_COMPOSITE_DNP_SBS40_P	BI_COMPOSITE_DNP_SBS60_P	BI_COMPOSITE_DNP_SBS55_S	BI_COMPOSITE_DNP_SBS44_S	BI_COMPOSITE_DNP_SBS61_S	BI_COMPOSITE_DNP_SBS62_S	BI_COMPOSITE_DNP_SBS63_S	BI_COMPOSITE_DNP_SBS64_P	BI_COMPOSITE_DNP_SBS65_S	BI_COMPOSITE_DNP_SBS66_S	BI_COMPOSITE_DNP_SBS67_S	BI_COMPOSITE_DNP_SBS68_P	BI_COMPOSITE_DNP_SBS69_P	BI_COMPOSITE_DNP_SBS70_P	BI_COMPOSITE_DNP_SBS71_P	BI_COMPOSITE_DNP_SBS72_P	BI_COMPOSITE_DNP_SBS73_S	BI_COMPOSITE_DNP_SBS74_S	BI_COMPOSITE_DNP_SBS75_S	BI_COMPOSITE_DNP_SBS76_S	BI_COMPOSITE_DNP_SBS77_P	BI_COMPOSITE_DNP_SBS78_S	BI_COMPOSITE_DNP_SBS79_S	BI_COMPOSITE_DNP_SBS80_P	BI_COMPOSITE_DNP_SBS81_P	BI_COMPOSITE_DNP_SBS82_P	BI_COMPOSITE_DNP_SBS83_P	feature
0	0	0.002897855	0.002974904	0.000537093	0.078031979	0.001964452	0.000240134	0.002445394	0.114064654	0.007661159	0	0	0.007501489	0	0.0173105	0.005130916	0.005691724	0.14734808	0.062027389	0.004389906	0.024109106	4.94065645841247e-324	0	4.94065645841247e-324	0.056778449	0.008254324	0	0.000644684	0	0.034000539	4.94065645841247e-324	0.011683861	0.02198506	NA	4.94065645841247e-324	0.081602217	0	0	0.010284608	0.002756982	0.000320889	4.94065645841247e-324	0.002397757	0	0	0	0.056557263	0	0	0	8.24e-61	0.016117963	0.027631498	0.037974421	3.45845952088873e-323	0.000203457	6.44e-24	0	0	AC>CA
0	0	1.1e-10	2.86e-05	7.81e-05	1.63e-27	0	0.000136598	0.000500614	0	0.0049292	0	0	0	0	0	0	0	0.013952542	0.004556203	0.005480231	0	0	0	0	0.011307746	0	0	0	0	0	0.004635179	0.000893345	0.00354671	NA	0	0.003859178	0	0	0	0	0	0	0.000237326	0	0	0	0	0	0	0	0.00012231	0	0	0	4.94065645841247e-324	0	0.08219859	0	0	AC>CG
0	0	0	0.002407372	0	1.97626258336499e-323	0.006479976	0.002126837	0.001562964	0.013826667	0.005789573	0	0.006047021	0	0	0.002491859	0.013743712	0	0.013571628	0.01426041	0	0	0	0.015297014	0	0.010997997	7.27e-06	0	0	0	0.025689506	0.002401605	0.006606896	0.021216053	NA	2.5e-198	0.241645865	0	0	0.002783422	0	0.002833867	0	0.024021371	0	0	0	0.02175515	0.00780692	0	0	0.005751322	0.027749088	0.063703699	0.072416772	0.035963322	0	0.03611952	0	0	AC>CT
0	0.01107892	0.00552738	0.002023266	0.001073479	5.7e-249	0.000591068	0.000357589	0.001568912	0.032736979	0.00863791	0	0	0	0.000155771	0.014018787	0.000320807	0	0.013425174	0.013122212	0.015615433	0	0	0.000222975	0.027101014	0	0.071829871	0	4.5e-11	0	0.008221867	3.95252516672997e-323	0.021041551	0.014663751	NA	0.007662232	0.002206188	0.002728345	0.00280231	0.008569948	0	0	0.013346292	0.001714134	0	0.004885588	0	4.95e-09	0	4.94065645841247e-324	0	0.000337804	0.010280887	0.009811672	0.010200323	0.032106955	0	0	0	0	AC>GA
0	0	0	0	0	4.94065645841247e-324	0	6.25e-05	0.000492913	0	0.005810357	0.016665221	0	0	0.000272491	0	0	0	0	0.000897334	0	0	4.21e-63	0	4.94065645841247e-324	0	0	6.47e-43	0	0	0.010069769	0.006693557	0.002491394	0.0047205	NA	0.025439242	0.004849065	0.000259993	0	0.000608064	0	0	0	0	0	0	0	0.005036973	0.012876445	0.029052018	0	0.000433208	0	0	0	9.88131291682493e-324	0	0	0	0	AC>GG
0	0	0	0.001655791	0	0.005939591	0.001290126	0.002450077	0	0.00453718	0.004483253	0	0.007406144	0	0	0.080301157	0.028453002	0	0	0	0	0.018052448	4.94065645841247e-324	0	0.034443677	0	0	0	0	0	0.007708316	1.48219693752374e-323	0.00237021	0.010508955	NA	1.97626258336499e-323	0.024114981	0	0.014196461	0.010139903	0	0.001897058	0.036742571	0.01223624	0	0	0	0	0.015873443	0.078492655	0	0.006817697	0.007179117	0	0.088455223	1.97626258336499e-323	0.086010065	0	0	0	AC>GT
0	0	0.016661369	0.003823715	0.002641959	0.007996107	0.003293162	0.00123452	0.00428305	0.108796163	0.009439355	0.007926736	0	0	0	0.000999509	0.001698018	0	0	0.005968498	0.017731966	0	9.88131291682493e-324	0.005940879	0.007195364	0	0	0	0	0	0	4.94065645841247e-324	0.010179262	0.030811499	NA	4.94065645841247e-324	0.001488927	4.94065645841247e-324	0	0.001267626	0	2.69e-05	0.010760619	0.005547757	0	0.014498368	7.33e-14	0	0.004598758	0.024096722	0	0.000354934	0	0.012052485	0	9.04e-85	0	0	0	0	AC>TA
0	0	0.002469243	0.0004867	0	0	0	0.000136722	0.001141619	0	0	0	0	0	0	0.001970472	0	0	0	0.004569095	0	0	0.01973653	0.000626078	0.01662068	0.006213568	0	2.13e-16	0.000851939	0	0.006240418	0.018899804	0.007765921	0.013266018	NA	0	0	0	0	0	0	0	0	0.001424137	0	0	0	0	0.006511165	0.010422998	0	0.00074636	0.003151035	0	0	1.97626258336499e-323	0.007153184	0	0	0	AC>TG
0	0.014417667	0.010577308	0.014188542	0.000516884	4.94065645841247e-324	0.036863831	0.01215022	0	0.032220225	0.009603776	1.48219693752374e-323	4.94065645841247e-324	0.003428368	0	0.007380563	0	0	0	0.005547549	1.99e-13	0.174201901	0	0.013338594	0	0.008102203	0	3.85e-13	0.00389463	0	0.015303359	0.00690669	0.007510289	0.033061774	NA	4.94065645841247e-324	9.88131291682493e-324	0	0	0	0	0.012317766	0	0.12320171	0.018914081	0	0	0.014081792	0.012601755	0.015615077	0	0.029943075	0	0.003288919	0	9.88131291682493e-324	0	0	0	0	AC>TT
0	0.000769599	0.005313449	0	0.000242282	0.025185492	0.001059274	0.000617935	0.003502364	0	0.045109753	0	0	0	0	0	0.002686176	0	0.007222446	0	0	0	4.94065645841247e-324	0	4.94065645841247e-324	0.006484486	0.005065014	0.015319638	0.000435563	0	0.011011011	1.48219693752374e-323	3.74e-08	0.006423689	NA	0.006937325	0.002153116	0	0.000609286	0.015989202	0.009053793	0.000786173	2.33e-221	0.000702383	0	0.019506865	0.047430035	0	0	0	0	1.12e-166	0	0	0.003470107	0.016396192	0.006214589	0	0	0	AT>CA
0	0	0.002537772	4.51e-05	0	0	0.000900347	0.000323723	0.001472134	0	0.017309923	0	0	0	0	0	0	0	0	0.005492371	0	0	0	0	0.022174487	0.002618858	0	0	0	0.006222775	0.021912127	2.96439387504748e-323	0	0.001471332	NA	0.013266708	0.000633123	0	0	0.016404935	0	0.000235905	0	0.000213863	0	0	0.034480555	0	0	9.88131291682493e-324	0	0	0.002070188	0	0	4.94065645841247e-324	0.00385139	6.49e-16	0	0	AT>CC
0	0.002889336	0.0001359	0	0	0	1.22e-186	0	0.000541732	0	0.00627554	0	0.006440124	0.002980445	0	0	0	0	0	0.014383458	0.001123085	0	0	0	0	0.005941511	0	0	0	0	0	4.94065645841247e-324	0	0.00050042	NA	0	0	0.012638352	0	0.011277282	0	0.0001023	0.004971425	0	0	0	0	0	0	0	0	0.000148677	0	0	0	0	0	0	0	0	AT>CG
0	0	0.004631725	0.000406477	0.000656356	0.012843485	0.003938363	0.002161758	0.004723582	0	0.037739453	0	0.007496713	0	0	0.008418919	4.94065645841247e-324	0	0	0	0	0	4.94065645841247e-324	0.001112676	4.94065645841247e-324	0	0	0	0.001151566	0.028108496	0.014444979	1.48219693752374e-323	0.002836044	0.004134849	NA	4.4e-301	0	0	0	0.00457315	0.111246486	0.001899768	0	0.00343937	0	0	0	0	0.00923221	0.034829937	0	2.44e-203	0.026732787	0	0	4.44659081257122e-323	0.000835107	0	0.118566327	0	AT>GA
0	0	0	0	0	0.006218853	0.000374754	3.43e-05	0.000424565	0	0.023968319	0	0	0.002232532	0	0.002348754	0.001858195	0	0	0.000284947	0	0	0.008779903	0	0.011056293	0	0	0.028612757	0.000321511	0	0.016123052	2.47032822920623e-323	0	0	NA	0.016612487	1.97626258336499e-323	0	4.94065645841247e-324	0.011416021	0	0.000410022	4.94065645841247e-324	0.000830526	0	0	0.00061108	0	0	0.040206195	0	0.000713966	0.010132432	0	0.012714366	0.011356616	0.024980025	0	0	0	AT>GC
2.29e-07	0.011414668	0.005348208	0.003255263	0.000317678	0.045141681	0.005505197	0.002518798	0.005158955	0.083855915	0.028373306	0.100420943	0	0	0.001125987	0.004885341	0.026720297	0.001736128	0.005079063	0.010188548	0.078178519	0	0.102179543	0.002052201	8.19e-213	0.00644335	0	0	0	0	0	2.47032822920623e-323	0.00553759	0.008102079	NA	4.94065645841247e-324	0.040107825	0.001411825	0.000804444	0.002351709	0.214499261	0.002866157	0.007917864	0.002538287	0.048524371	0	0	0	0.043344229	0.010149073	3.38e-27	0.0020557	0.12470915	0	4.94065645841247e-324	0.043486136	0	0	0.099499416	0	AT>TA
0	0	0.136585333	0.357500867	0.650302064	0.013786857	0.002084139	0.001162926	0.011315273	0	0	0.094901733	0.23024922	0	0	0.022870711	4.94065645841247e-324	0	0	0.027691103	0	0	1.48219693752374e-323	0	0.004880377	0.005274045	0	0	0.138033031	0	0	1.48219693752374e-323	0	0	NA	1.48219693752374e-323	9.88131291682493e-324	0.013855383	4.94065645841247e-324	0.015292112	0	0.000654325	0.022350207	4.32e-93	0	0	0	0	0	0.089245051	0	0.003772664	0.005504307	0	0.031512417	0.06318937	0	0	0	0	CC>AA
0	0	0.068477784	0.031207961	0.079738245	9.88131291682493e-324	4.38e-92	0.000384102	0.004094592	0.012558465	0.005945212	0.072216929	0.04642593	0	0	0	0	0	0	0.012133696	0	0	0.003091003	0.004549427	0	0.008244186	0	0	0.04393295	0.092910393	0	4.94065645841247e-324	0.040224866	0.009326342	NA	4.94065645841247e-324	0.002921828	0.000164155	0.000104085	0	0	0.000855312	0	0	0	0	0	0.0245797	0.013867722	0.010834873	0	0.001715066	0	0	0	0.001615874	0	0	0.222537049	0	CC>AG
0	0.025443393	0.064257581	0.024532824	0.11459694	4.94065645841247e-324	0.063456469	0.025272026	0.150619502	0.000122078	0	2.96439387504748e-323	0.042258546	0.154757061	0.063360753	0.072399858	0.013156287	0	0	0.012497468	0.054185773	0	4.94065645841247e-324	0.030868583	1.97626258336499e-323	0	0	0	0.035779406	0	0	3.95252516672997e-323	0.059627563	0.048604392	NA	4.94065645841247e-324	0	0	4.94065645841247e-324	0.016057049	0	0.024668613	2.03e-168	3.5700294250326e-318	0	0.017981808	0	0.030176961	0	4.94065645841247e-324	0	0.024848834	4.94065645841247e-324	0.011933637	0.032589099	4.94065645841247e-324	0.004558613	0	0.079471095	0	CC>AT
0	0.005330853	0.017658688	0.005941198	0.023518459	0	2.62e-80	0.000442494	0.001405304	0	0.000339203	0.049700563	0	0	0	0.001905432	0	0	0	0.005987206	0.046466444	0	0.001754954	0	4.94065645841247e-324	0	0	0.08137601	0.004285714	0	0	1.48219693752374e-323	0.028610021	0.005643671	NA	0	0.002990672	0	0	0	0.033059144	0.000313745	0.009353806	0	0	0	0	0.001158417	0	0.005401004	0	0.001791795	0	0	0.004043419	4.94065645841247e-324	0	0	0.127771835	0	CC>GA
0	0	0.009182917	0.002925207	0.001917664	0	0	0.000497219	1.23e-282	0	0.004460434	0	0.005875297	0	0	0	0	0	0	0.003127514	0	0	4.94065645841247e-324	0.000905296	0	0	0	0	0.00029793	0	0	0	0.007335557	0.002070174	NA	4.94065645841247e-324	0	0	0	0.000237426	0	0.000322746	0	0	0	0	0	0.007872804	0.012142521	0.011636569	0	0	0	0	0	0	0.029943092	0	0.112126343	0	CC>GG
0	0	0.007546077	0.003639258	0.002657367	0	6.63e-09	0.015226016	0.016433597	0.048916405	0.032094777	0.015228323	0.004781032	0.003796672	0.039269348	0.001259187	0.001689846	0	0.001026653	0	0	0	0	0.003237338	0	0	0.106469107	0	0.000638303	0.01182726	0.000841759	0.000860835	0.010069411	0.006900809	NA	4.94065645841247e-324	0	0	0	0	0	0.012882055	0	0	0	0.021663693	0.167377606	0	0.05411041	0	0	0.016959813	0	0	0.004478033	4.94065645841247e-324	0.006416927	0	0	0	CC>GT
0	0.008173232	0.017171532	0	0.022874542	0	0.023016306	0.015899819	0.054049365	0.055652642	0.011940683	0	0.101924229	0	0.074538561	0.098817899	0.005940949	0	0	0	0	0	0	0.003170958	0	0	0	0	0.020216659	0	0	0.054536714	0	0.015622362	NA	4.94065645841247e-324	0	0.012858897	0.024081222	0.022580824	0.176233208	0.010641159	0.078512835	2.65e-305	0	0.044560054	0	0	0	0	0	0.025827031	0	0	1.48219693752374e-323	4.94065645841247e-324	0	0	0.077968414	0	CC>TA
0	0	0.003024485	0.001098109	0.001995792	9.88131291682493e-324	9.37e-08	0.007028159	0.002600475	0.044412526	0.011143742	0	0.022264266	0	0.008721688	0	0.000693609	0	0	0	0	0	0	0	0	0	0.005518553	0	0.008522688	0.031537883	0.00103384	0.033578479	0.016065633	0.007884068	NA	0.0483949	0.003710554	0	7.35e-265	0.0002285	0	0.006833978	0	0	0	0.018145664	0	0.025698688	0.026493485	0	0	0.003493828	0	0	0	4.94065645841247e-324	0.014224576	0	0	0	CC>TG
0	0.612079041	0	0.026057049	0.00495021	0	0.696819345	0.841173784	1.96e-207	0	0.074309204	1.48219693752374e-323	1.97626258336499e-323	0	0.186676204	0.066832642	4.94065645841247e-324	0	0	0	0	6.13e-15	4.94065645841247e-324	0	0	0	0.49616457	0	0.004836554	0.05356275	0	1.48219693752374e-323	0	0.018752878	NA	4.94065645841247e-324	0	0	4.94065645841247e-324	0	0	0.748486827	0	0.697701521	0.03267919	0.265546076	0	0	0.128114239	0	0	0.755172083	0	0	6.12e-146	4.94065645841247e-324	0.014138423	0	0	0	CC>TT
0	0	0.001810231	0.004286926	0.001046157	0	0	0	0	0	0	0	0	0	0.00174854	0	0	0.000390193	0	0	0	0	0	0.002730546	0	0	0.022381484	0	0.001358364	0	0	0.003604745	0	0.000157028	NA	0	0	1.6e-147	0.001313521	0.000834813	0	0	9.88131291682493e-324	0	0	0	0	0	0.002330905	0	0	0.000144715	0	0.001634138	0	0	0	0	0	0	CG>AT
0	0	0	0.00143221	3.42e-09	0	0	1.28e-05	0	0	0.000326258	0	0	0	0	0	0	0	0	0	0	0	0.008131985	0	0	0	0	0	0	0	0	0	0	0	NA	0	0.002276238	0	0	0	0	0	0	8.42e-05	0	0	0	0	0	0	0	0	0	0	0	0	0	0.018846102	0	0	CG>GC
0	0	0	0.005740828	0.000244947	0	0	2.89e-05	3.95e-05	0	0	0	0	0	0.001379756	0	0	0	0	0	0	0	0	0	0	0	0	0	0.003418427	0	0.002188941	0.006754986	0	4.95e-05	NA	0.011927878	0	0	0	0	0.008108554	0	0	0	0	0	0	0	0	0	0	0	0	0.00058941	0	0	0	0.050564413	0	0	CG>GT
0.477606419	0	0.000190369	0.000608414	0.000206264	0	0.001909567	0	0.003505915	0.001603714	0	1.48219693752374e-323	0	0	0	0.109971317	0.46710639	0	0	0	0	0	0	0	0	0	0	0	0.00024617	0	0	0	0.000855728	0.000737784	NA	0	0	0.076109943	0.727258184	0.035680488	0	0.000868111	0.16268293	0	0	0	0	0	0.005825582	0.015145409	1	0	0	0	0.217233118	4.94065645841247e-324	0.007044657	0	0	0.142460358	CG>TA
0	0	0	0.009908702	0.000525588	4.94065645841247e-324	0	4.77e-05	0.000662115	0	0	0	0.00730524	0	0	0	0.001494946	0	0	0	7.82e-05	0	0.015299909	0	0	0	0	0	0	0	0.013072138	4.94065645841247e-324	0	0.000689604	NA	0.004059658	0.007847395	0	0	0.000808558	0	0	0.001912151	0	0	0	0	0.00315175	0	0	0	6.95e-211	0	0	0.010646516	0	0	0	0	0	CG>TC
0	0	0.005421594	0.015001643	0.004010052	1.85e-88	0.001159539	0.000166046	0.00036945	0.022559596	0	0.066452838	0	0	0	0.01333568	0.002766256	0	0	0.002166439	0	0	0	0	0	0	0.003328072	0	0.003657206	0	0.013326082	0.006108786	0	0.000690853	NA	0.0141805	0.009764145	0.005846816	0.009215967	0.009362684	0.042647586	6.24e-43	0.0022463	0	0	0	0	0.00081153	0.003449979	0	0	0	0	0.001921683	0.000779951	4.94065645841247e-324	0	0	0	0	CG>TT
0	0	0.008004253	0.06336249	0	0	7.2e-155	0.000765438	0.015676356	0	0	0.206276596	0.014621887	0	0.014194122	0.014289907	0	0	0	0.022015216	0	0	0.010511896	0	0.061676919	0	0	0	0.259888003	0	0	9.88131291682493e-324	0	0	NA	9.88131291682493e-324	9.88131291682493e-324	0.001452306	0.003348959	0.018349989	0	0.000380669	3.1e-188	0.003271819	0	0	0	0	0.015812314	0.022957583	0	0.002243121	0	0.01725049	0	4.94065645841247e-324	0	0	0	0	CT>AA
0	0	0	0	0.001804058	0.013228178	0.001137744	0.00024492	0.003470999	0	0	1.48219693752374e-323	4.06e-131	0	0	0.02735953	0.015744551	0	0	0.042006261	0	0	0.091093156	0	0.073326039	0.015613761	0	0	0.171581683	0	0	9.88131291682493e-324	0	0	NA	4.94065645841247e-324	1.48219693752374e-323	0.007289988	0	0.065567922	0	6.33e-161	0.004104571	0.004470435	0	0	0	0	0	0.017669868	0	0.002510929	0.032106189	0	1.48219693752374e-323	0.080639605	0	0	0	0	CT>AC
0	0	0.02032007	0.016838054	0.000800298	0	0	0.000216879	0.002990597	0	0.002335565	1.48219693752374e-323	0.006079662	0	0.002952339	0	0	0	0	0.101476904	0	0	0	0	0.005793657	0.031022649	0	0	0.018748594	0	0.012435141	4.94065645841247e-324	0.022097019	0	NA	4.94065645841247e-324	4.12e-276	0.093957181	0	0.106773196	0.14157715	0.000243201	0.138257021	0	0	0.016297331	0	0	0	0.018686822	0	0.000713671	0	0.016049374	0	0.020787293	0.034216257	0	0	0	CT>AG
0	0.007059528	0.000983346	0.00419038	0	4.94065645841247e-324	0.000149693	0.000500204	0.004872013	0	0.016537457	0	0	0	0.00161028	0	0	0	0	0	0	0	0	0	0	0	0	0.109709583	0.011466187	0	0.01315272	4.94065645841247e-324	0.00713493	0.000238114	NA	4.94065645841247e-324	0.004090516	0	0	0	0	0.00054554	0	0	0.002060861	0	0	0	0.002002503	0.001263643	0	0.000928837	0	0	0	9.88131291682493e-324	0	0	0	0	CT>GA
0	0	0.002925175	0.001026232	0.000300151	0.011110174	0.001610189	0.000313754	0.003147886	0	0.024005765	0	0	0.006777625	0.001990119	0	0.000925298	0	0	0.013385771	0	0	0.008320656	0	0.031154316	0.003648975	0	0	0.004620418	0	0.015269534	0.018108858	0.003718694	0.000491742	NA	9.88131291682493e-324	0	0	0	0	0	6.42e-05	0	0	0	0	0	1.15e-05	0.013433523	0	0	0.000831964	0	0	0	0.039205737	0	0	0	0	CT>GC
0.522393352	0.002220249	0.007806395	0.001353704	0.000295916	0	0.000290556	0.000165691	0.000372552	0.012409148	0.008049803	0.008361769	0	0.001174073	0	0	0	0.00136082	0	0.005995967	0	0	4.94065645841247e-324	0	0	0	0.041755703	0.045420808	0.000430066	0	0.000460026	0	0.009365348	0	NA	4.94065645841247e-324	0	0	0	0	0	4.5e-102	0	0	0	0	0	0.025708388	0	9.88131291682493e-324	6.4228533959362e-323	6.33e-143	0	0.00216529	0	0.010740918	0.00405423	0	0	0	CT>GG
0	0	0.012823125	0.030128598	0.000841793	0	0.02316471	0.008904206	0.182997009	0.117216577	0.022857716	0.021916847	0.04624944	0	0.059440638	0.001401707	0.00161618	0	0	0	0.001550076	0.075178649	4.94065645841247e-324	0.002838105	4.94065645841247e-324	0.002836659	0	0.084469573	0.016844046	0.017951271	0.01566044	0.007247924	0.002816343	0.014695621	NA	4.94065645841247e-324	0	0	4.94065645841247e-324	0.001883794	0.078332133	0.040913756	0	0	0.00076567	0.017185913	0	0.057364426	0.034756164	0	0	0.009051009	0.012650288	0.001853098	0.013367273	0	0.001794298	0	0	0	CT>TA
0	0.004173338	0.010170168	0.006393345	0.000355277	0.043050109	0.034950607	0.005827527	0.082027574	0.042570121	0.01615563	0	0.041794636	0.014937392	0.001396126	0.022586512	0.004455288	0	0.037588229	0.159467678	0	0.063516465	0.096357791	0.016754787	0.025623269	0.149421913	0.056242965	0	0.005093143	0	0.051916708	0.039503501	0	0.010938341	NA	9.88131291682493e-324	9.88131291682493e-324	0	4.94065645841247e-324	0.009420848	0	0.019328311	4.94065645841247e-324	6.04e-61	0	0.017077832	0	0.019395239	0	0.00706504	0	0.010660469	0.022152983	0.01058813	4.94065645841247e-324	0.016314846	0.00977112	0	0	0	CT>TC
0	0.003668533	0.005140715	0.007153161	0.000654868	2.34e-70	0.002502216	0.003785023	0.014060954	0.010820952	0.000562842	1.48219693752374e-323	0.007000011	0.00912766	0	0.019048846	0	0.000625312	0	0.01102479	0	0	4.94065645841247e-324	0	0	0	0	0	0.002780291	0	0.039866775	3e-176	0.013426419	0.000186565	NA	3.13e-305	0.005894135	0.038722822	0.056461865	0.060084691	0	0.011228959	1e-20	0	0	0.008961835	0.104705044	0.019585024	0.024204762	0	0	0.002410995	0.001715297	0	0.035497739	0.011890409	0.030390796	0	0	0	CT>TG
0	0.018248364	0.09390556	0.026323141	0.006015322	0	1.05e-05	0.000262568	1.25e-59	0	0	2.96439387504748e-323	0.028510426	0.213818125	0	0.080937404	0.032600277	0.506208271	0.011794421	0.011805113	0.176831059	0	4.94065645841247e-324	0.017343256	0	0	0	0.139938047	0.01118234	0.097733431	0	1.97626258336499e-323	0	0.049057789	NA	4.94065645841247e-324	0	0	0.00979203	2.31e-67	0	0.00325072	0	0.011124023	0.269904041	0.149863604	0	0	0	0	0	0.002480646	0	0	0	4.94065645841247e-324	0	0	0	0	GC>AA
0	0.027454964	0.029756434	0.002990742	0.000667676	9.88131291682493e-324	0	1.4e-05	0	0	0.010120233	0	0.003595765	0.018100616	0	0.003873259	0.001379306	0.018222388	0	0	0.0054764	0.068183804	4.94065645841247e-324	0.010552821	3.91e-110	0	0.000291367	0.026069136	0.002876658	0.122176177	0	0.052363837	0.060638053	0.044767281	NA	0.012561441	1.48219693752374e-323	0.000886478	0.000500179	0.000548447	0	0.00090502	6.09e-245	0.001289211	0.022795134	0	1.3e-05	0	0.155438859	0	0	0.001256954	0.014562568	0	0	0.024038313	0.003441222	0	0	0	GC>AG
0	0	0.013060545	0.00124122	0.002270617	4.94065645841247e-324	0.000866985	4.26e-05	4.29e-145	0	0.006240743	0	0.033918502	0.018639315	0	0.110974945	0.207845891	0.029922361	0.004815698	0	0.00044157	0.074463727	4.94065645841247e-324	0.013649432	4.94065645841247e-324	0	0.176232189	0.04436481	0.002869613	0	0	0.003493361	0.026097774	0.055632752	NA	0	4.94065645841247e-324	0.004738353	0.009478345	0.000757068	0.084006525	0.000679825	0.00135627	0	0.05103376	0	0	0.007281899	0.160769237	9.88131291682493e-324	0	0.001084429	0	0	0.002736526	9.88131291682493e-324	0.01158507	0	0	0	GC>AT
0	0.016742179	0.003348346	0.005123368	0.001181458	9.88131291682493e-324	0.000668378	0.000153945	0	0	0	1.48219693752374e-323	0	0.008429349	0.000995588	0.001493318	0.002135803	0.012252149	0	0	0.004822753	0	4.94065645841247e-324	0.006126715	4.94065645841247e-324	3.78e-07	0	0	0.004837816	0.115086292	0.001489193	0.011902036	0.018507241	0.020933868	NA	0.006615303	0	4.94065645841247e-324	0	0.000176497	0	1.28e-14	0.006249421	0.000806683	0.004932052	0	0	0	0.019305756	0.047950197	0	0	0.013935216	0.003481003	0	0.029664491	0	0	0	0	GC>CA
0	0	0.000386563	0	0.000157453	0	9.9e-271	0	0	0	0.003908874	0	0	0.000558536	0	0.00200821	0	0	0	0	0	0	0.025920145	0	4.94065645841247e-324	0	0	0	0.000302534	0	0	0.007896048	0	0.000633529	NA	0	0	0	0	0	0	0	0	8.13e-05	0	0	0	0	0.032733462	0	0	0.000521099	0.008290632	0	0	7.82e-20	0	0	0	0	GC>CG
0	0	0.001998077	0.00168825	0.001288103	4.94065645841247e-324	0	0	0	0	0.001272034	1.48219693752374e-323	0.006733274	0.004873011	0	0.018946395	0	0.026226537	0	0	0	0.005916933	4.94065645841247e-324	0.00129217	0	0	0	0	0.00136188	0.047204142	0	0.012876028	0.0026101	0.018144084	NA	0.004678037	0	0.004841187	0.004206384	0.00509242	0	0.000105599	0.003900044	0	0	0.012733109	0.039086305	0.022016853	0.002777096	0	0	0	0	8.12e-12	9.88131291682493e-324	4.94065645841247e-324	0	0	0	0	GC>TA
0	0	0.009858249	0.007616639	0.00242341	0.041297379	9.58e-29	0.001006019	0.004863288	0	0.040495151	0.152614818	0.007424545	0.022804781	0.003521623	0.027751189	0.061005316	0.022580116	0.062827832	0	0	0	0.142950431	0.104590225	9.88131291682493e-324	0	0	0.255421488	0.003162696	0	0	1.48219693752374e-323	0.006434293	0.026171101	NA	4.94065645841247e-324	0.102884427	0	0.002639371	0.00122103	0	0.001055124	0.005458329	0.005035368	0.072388608	0	0	0.019278416	0.054932538	0.121714283	0	0.00344018	0.133196359	0.040770104	0.018327894	1.48219693752374e-323	0	0	0	0	TA>AT
0	0	0.000151296	0.00011171	0	4.94065645841247e-324	0	7.46e-05	5.11e-05	0	0.007123768	0	0	0.00036251	0	0.001396263	0	0	0	0	0	0	0.018406611	0.005179953	0.014445057	0.002519219	0	0	0	0	0	0.014174465	0	0.001074118	NA	0	9.88131291682493e-324	0	0	0.006389658	0	6.46e-05	1.78e-162	0	0	0	0	0	0	0.001824364	0	0	0	0	0.018214795	0.00440436	0.023976679	0	0	0	TA>CG
0	0	0.001113427	0.007205796	0.000976965	0.001949949	0.003701342	0.000456911	0.005895717	0.0289755	0.031975372	1.48219693752374e-323	0	0	0	0	0	0	0.026050857	0	0.019700534	0.01859816	0.035982627	0.099091627	1.48219693752374e-323	0.033287334	0	0	0.001972759	0	0	0.065593071	0.029812441	0.008733197	NA	4.94065645841247e-324	0.050447228	0	0	0.000689672	0	0.000232979	0.002084699	0.002246324	0.009889964	0.007177451	0.116636781	0.013787395	0.007753964	0.016516648	0	0.001466192	0	0.004766956	0.003327511	1.19e-299	0.008598429	0	0	0	TA>CT
0	0	0	0.000317856	0	1.48219693752374e-323	9.21e-11	0	4.16e-34	0	0.006680664	0	0	0	0	0	0	0	0	0	0	0.009877377	4.94065645841247e-324	0.00383706	0	0	0	0	0	0	0.005089949	0	0	0.000308979	NA	0.01119978	0.000764216	0.003082109	0	0.001040258	0	0.000132118	0	0	0	4.67e-08	0	0	0	0.004731836	0	0.000278591	0	0	0	4.94065645841247e-324	0.0007324	0	0	0	TA>GC
0	0	6.05e-05	0.000677891	0	1.48219693752374e-323	0	0.000296621	0.001391897	0	0.007029488	1.48219693752374e-323	0	0.004874337	0	0	0	0	0	0.004330569	0	0	0.002430697	0.004637546	0.005869331	0.000973379	0	0	0.001063459	0	0.008962919	0.020492503	0.001441875	0.003632897	NA	4.94065645841247e-324	0.008052353	0.004549421	0.003794461	0.004789891	0	0	0.002698662	0	0	0	0.093123009	0.001924586	0.001626718	0.005741849	0	0	0	0.002436976	0.020458016	0.008722889	0	0	0	0	TA>GG
0	0	0.004249246	0.001211006	0.00077714	0.008573452	0.002942747	0.001776862	0.007445112	0	0.058399814	0.046737662	0.016713403	0.030660927	0	0.000662964	0.001102369	0.001034534	0	0	0	0	0.020464041	0.077263776	0	0	0	0.029214732	0.001375756	0	0	0.038767047	0	0.008209079	NA	4.94065645841247e-324	0	0	1.48219693752374e-323	0	0	0.000759915	0.00376036	0.000507342	0	0	0	0	0.001682835	0.061465347	0	2.28e-60	0	0.009618822	0.006769915	4.94065645841247e-324	0.001382823	0	0	0	TA>GT
0	0.005125785	0.132598114	0.023641677	0.015689419	0.010458977	0.000461181	1.4e-164	0.009805492	0	0	0.014795732	0.052510718	0.236585614	0	0.000798496	0.005117062	0.308968008	0.188712307	0.009854056	0.308254761	0	4.94065645841247e-324	0.231674062	4.94065645841247e-324	0	0	3.97e-06	0.055114406	0	0	2.47032822920623e-323	0.090302485	0.071047127	NA	0	5.92878775009496e-323	0.007037095	0.009405015	0.005550883	0	0.001346765	0.026621026	0.002139423	0.216915756	0.119458338	0	0	0	0	0	0.002825144	9.88131291682493e-324	0.104091519	0.000917326	9.88131291682493e-324	7.62e-05	0	0.053138247	0	TC>AA
0	0	0.011604894	0.003648178	0	0	1.84e-113	0.00040038	0.00346718	0	0	0	0	0.013330176	0.155100116	0.002122448	0	0	0.020516641	0	0.002244915	0	0	0.002545755	0	0	0	0	0.014335282	0	0.00377941	0.042519373	0.015835141	0.015167265	NA	4.94065645841247e-324	0	0	0	0	0.010013474	0.000383165	0.000850749	1.23e-269	0.01163073	0.026709152	0	0.028447492	0.008595744	0	0	0.000991063	0.00647291	0	0	4.94065645841247e-324	0	0	0	0	TC>AG
0	0.049625242	0.037415847	0.00777488	0.001813681	1.48219693752374e-323	0.034332917	0.000756327	0.138205023	0	0	3.07e-139	0.049527627	0.044428176	0.264608813	0.00249877	0.004885849	0.033188746	0.098793406	0.013511808	0.088502036	0	0.038331947	0.015851899	4.94065645841247e-324	0.070150031	0	0	0.023582615	0	0	1.48219693752374e-323	0.089685062	0.08491485	NA	4.94065645841247e-324	4.94065645841247e-324	0.003223789	4.94065645841247e-324	0.001057829	0	0.041385281	4.94065645841247e-324	0.023940493	0.050278507	0.072322522	0	0.232865655	0	4.94065645841247e-324	0	0.011343509	0.026373391	0.001797221	0.004297362	9.88131291682493e-324	0	0	0.049588069	0	TC>AT
0	0.010963802	0.038909338	0.001308704	0.005147927	0.011042091	2.42e-05	0	0.008035122	0	0	1.48219693752374e-323	0	0.130054926	0.004462715	0.023688679	0	0.010560461	0	0.051864468	0.090210326	0	0.036379766	0.014078108	0	0	0	0.011328715	0.002505305	0.216492863	0.025480271	9.88131291682493e-324	0.081751719	0.031726561	NA	4.94065645841247e-324	9.88131291682493e-324	0.05494361	0	0.075903684	0	0.000568848	0.099780831	0	0.06367853	0.042856093	0	0.032454138	0	0.03224505	0	0.002433804	0	0.011490907	4.94065645841247e-324	0.094990598	0	0	0	0	TC>CA
0	0.007787838	0.001195616	0.000254742	0	0	7.55e-05	1.99e-05	0.001657746	0	0.003940843	0	0	0.001422047	0.008458837	0	0	0	0.012430525	0	0	0	0	0.002803599	0.010778154	0	0.001520704	0.036978273	0	0	0	4.94065645841247e-324	0.004743501	0.002857628	NA	0	0	0	0	0	0	0.000199913	0	1.66e-286	0	0	0	0.002613489	0	0.008779324	0	0.000167964	0.008353161	0	0.005137853	9.88131291682493e-324	0	0	0	0	TC>CG
0	0.081199844	0.003478107	0.010649405	0.002671646	0.064779907	0.005075067	0.001245697	0.033299011	0	0.017387573	1.48219693752374e-323	1.48219693752374e-323	0	0.006843765	0.012812029	0.022420844	0	0.028286965	0.001542862	0	0.084622682	0.099297951	0.008640268	1.97626258336499e-323	0	0	7.85e-34	0	0	0.052118967	1.48219693752374e-323	0.032397129	0.047250147	NA	4.94065645841247e-324	0.042207137	0.013949922	0.009988566	0.022789221	0	0.005472519	0.030426182	0.007020767	0.008370152	0	0.047606093	0.06568522	0.014567661	0.028940238	0	0.005958887	0.072319125	0.000555461	0.059979596	0.053480873	0.031276717	0	0	0	TC>CT
0	0	0.025985354	0	0.003620851	0	0.000772863	0.000260225	0.002416887	0	0.006028339	1.48219693752374e-323	0.00696672	0.031576506	0.008777491	0	0	0.009520269	0.02467596	0.009396179	0.052297868	0	0	0.008938178	0	0	0	0	0.000610739	0	0.001122964	0.012173917	0.026153506	0.01982486	NA	9.88131291682493e-324	0	0.10405973	1.25e-291	0.054715595	0	0.000118778	0.099273113	0	0.051402431	0.02731854	0.046475025	0.008748014	0	0	0	0.000668564	0	0	0.039218662	4.94065645841247e-324	0.011577562	0	0	0	TC>GA
0	0.001246441	0.001952492	0.000313121	7.12e-05	0	7.76e-110	0.001137536	0.001120183	0	0.000672049	0	0	0	0.018407135	0	0	0	0	0.001247937	0	0	0	0.000675763	0	0.01090985	0	0	0	0	0.006844549	4.94065645841247e-324	0.002660148	0.001920763	NA	4.94065645841247e-324	0	0	0	0.000243129	0	0.000816294	0	0.001079583	0	0	0	0	0.002331638	0	0	0	0	0	0	0	0	0.30172621	0	0.459127035	TC>GG
0	0.037475744	0.003479149	0.002352301	0.0006197	0.001562884	3.03e-55	0.009824891	0.038851294	0	0.011080718	0	0.004760398	0.00826247	0.026418635	0.007216618	0	0	0.005374597	0.007321356	0	0.009971133	4.94065645841247e-324	0.005473283	7.21e-17	0	0	0	0.003133471	0	0.007842342	9.88131291682493e-324	0.015614893	0.012354597	NA	4.94065645841247e-324	0.015187423	0.046913569	0.047555622	0.045912918	0.027295081	0.022331468	0.015278125	0	0	0.010258168	0.176817569	0	0.002221372	9.88131291682493e-324	0	0.009293436	4.94065645841247e-324	0	0.074985501	0.038820915	0	0	0	0	TC>GT
0	0	0.00528771	0.011676359	0.004146412	1.48219693752374e-323	0.001465142	0.001835683	0	0.057279549	0.004920941	0.013742835	0.002009375	0	0.007504476	0.000355812	0.001520902	0	0.017419898	0.000680365	0.026418194	0.185915521	4.94065645841247e-324	0.030635223	4.94065645841247e-324	0	0	0.00079329	0.014357302	0.049247336	0.008162537	1.48219693752374e-323	0.008653896	0.019785195	NA	0	0.022476812	0.000755557	0	0	0	0.000688288	0.000269142	0.008436033	0.017434232	0	0	0.004795937	0.020960115	0	0	0.003011764	4.94065645841247e-324	0.049472163	0.00525799	4.94065645841247e-324	0	0	0	0	TG>AA
0	0	0.002391162	0.004428016	0	0	5.91548256225245e-318	0.00060911	0.000497933	0	0.00837335	0	0	0	0	0	0	0	0	0.000920404	0	0	4.94065645841247e-324	0.009742322	0	0	0	0	0.001639885	0	0	1.48219693752374e-323	0.004777321	0.005858642	NA	4.94065645841247e-324	0.004717187	0.000323099	0	0	0	9.4e-05	0	0.000977447	0	0	0	0	0.002139045	0	0	0.000249319	0	0.002252586	0	0	0.015491504	0.045729596	0	0	TG>AC
0	0	0	0.082770064	0.011403955	0.007411856	0.001996843	0.004515452	0.007100825	0	0.011507127	0	0.043554671	0	0.01523861	0	9.88131291682493e-324	0	1.05e-07	0	0	0	0.011179645	0.077848064	0	0.057534454	0	0	0.023863857	0	0	0.153195106	0.049262565	0.020800699	NA	0.183678119	4.05e-227	0	4.94065645841247e-324	0.002627353	0.00069712	0.001383448	0.001794337	0.004453948	0	0.01090493	0.004717128	0.140622049	0.00641835	0.032061547	0	4.59e-26	0	0.023954672	0.005789352	1.67982319586024e-322	0	0	0	0	TG>AT
0	0	0.013127634	0.003036169	0.000313526	0.052570097	0.00144595	0.000434129	0.001234233	0	0	1.48219693752374e-323	0.007360835	0	0	0.063426442	0.032738952	0	0	0	0	0	0.083334761	0.004269385	0.016568976	0	0	0	0.000699092	0.02217274	0.244781179	1.48219693752374e-323	0	0	NA	2.47032822920623e-323	0.047041785	0.004374821	0.03706946	0.024549869	0	0.000558811	4.94065645841247e-324	0.002442939	0	0	0	0	0	0.043777188	0	0.000369706	0.029633462	0	0.063992451	9.46e-103	0.469367298	0	0	0	TG>CA
0	0	0.002125036	0.003662039	0	9.88131291682493e-324	0.000689988	0.000250563	0.001232491	0	0.000767371	0	0	0	0.002062173	0	0.001572392	0	0.008800212	0.000935537	0	0	4.94065645841247e-324	0.000782971	9.88131291682493e-324	0	0	0	0.00021724	0.030969738	0.038254636	4.39e-117	0.006548337	0.005888067	NA	4.94065645841247e-324	0.020617897	0	0.000994309	0.00094197	0	2.42e-183	0.000477715	4.09e-05	0	0	0	0	0	0	0	0	0.010995841	3.15e-05	0	0.004083114	0.039396784	0	0	0	TG>CC
0	0.010827271	0.068362529	0.101302281	0.005978644	0.000643439	0.000731873	0.003946663	0.005390971	0.032394855	0.010826117	0	0.004780943	0	0	0.001557845	0.004616658	0	0.064611388	0	0	0	0.010592758	0.002237552	1.97626258336499e-323	4.53e-05	0	0	0.001221085	0	0.08091333	0.078297536	0.093847761	0.009103878	NA	0.250230314	0.011300096	0.006734264	0	0.008328523	0	0.001020895	0.002201819	0.008321801	0.034724069	0.051707455	0.017855135	0.011960706	0	0.019595186	0	4.79e-264	0.010644927	0	0.006752463	0.004337916	0	0	0	0	TG>CT
0	0	0.007883519	0.002493103	0.002079531	0.012570391	0.001648139	0.000358309	0.000870047	0.042187608	0.004613261	0	0.004432784	0	0	0.007171447	0	0.009918718	0.002506882	0	0	0.114888303	0.000435338	0.026621647	0.005229033	0	0	0	0.003010759	0	0.014903192	0.107795777	0.005586038	0.003442338	NA	7.74e-248	1.97626258336499e-323	0	0	0.001490969	0	1.49e-39	0.000365436	0.002224343	0	0	0.012787268	0.018539559	0.003037891	0.016533765	0	0	0.00426018	0.012304708	0	0.030601595	0	0.093751551	0	0	TG>GA
0	0.004857075	0.001049581	0.000793244	0.000819142	0.001035177	9.69e-250	0.000208338	0	0	0.015096864	0	0.006197493	0	0.00133114	0	0	0	0	0	0	0	0	0.005241764	0	0.001980618	0.004938802	0	0.000327377	0	0.045431517	0.043770544	0.00147526	0	NA	0.015806525	0.006976154	0	0	0.00068075	0	0.000284557	0	0.000385283	0.008148532	0.002379563	0	0.006126141	0	0	0	0	0	8.89e-19	0	4.94065645841247e-324	0	0	0	0.02831692	TG>GC
0	0	0.001292254	0.015105332	0.009495186	0.109612373	0	0.003867742	0	0	0.021811929	3.95252516672997e-323	0.013981869	0	0.009141279	0.011266513	4.94065645841247e-324	0	0	0.003829449	0	0.022766539	0.082816563	0.007652047	9.88131291682493e-324	0	0	0	0.04897026	0	0.019337205	0.102937269	0.011083893	0.005161183	NA	0.22540575	2.96439387504748e-323	0.016110384	9.88131291682493e-324	0.01255127	0	0.001443175	0.002657802	0.002659733	0	0	0	0.03179265	0.00259483	0.031704187	0	0	0.074371983	0.005534563	0	9.88131291682493e-324	0.004129884	0.361969696	0	0	TG>GT
0	0.006227868	0.009478094	0.013869179	0	0.046316424	0.008181601	0.004175256	0.055205039	0.067516206	0.042764287	0.066564446	0.069457266	0	0	7.66e-05	0.015612936	0	0.07470762	0.036125589	0	0	4.94065645841247e-324	0.077940562	0.10539488	0	0	0	0.008674184	0.012150356	0	2.47032822920623e-323	0	0.036263762	NA	4.94065645841247e-324	0.0255989	0	0.024379954	0.007778257	0	0.003394964	0.030437732	0.014280304	0	0	0	0	0.027582225	0.038850312	0	0.016023131	0.030483677	0.35475865	0.013287597	9.88131291682493e-323	0.056697981	0	0	0	TT>AA
0	0	0.001065832	0.001336293	0.000133347	0.0024688	5.59e-09	0.000741197	0.006427186	0	0.030831001	0.045476009	0.007573398	0	0	0	0.00127744	0	0.00087197	0.004844229	0	0	4.94065645841247e-324	0.010919896	0.189569714	0.020804082	0	0	0.000430895	0.020923112	0	0.017908182	0.003640948	0.015765653	NA	0	0.005112197	0	0	0.006566469	0	0.000280689	0	0.004985184	0.00352933	0	0	0	0	6.19e-273	0	0.005163878	9.88131291682493e-324	0.02993788	0	9.88131291682493e-324	0.015689051	0.009094323	0	0	TT>AC
0	0	0.004832742	0.002614622	0	1.97626258336499e-323	4.27e-06	0.000672264	0.005603057	0	0.021842047	0	0.006304791	0	0.0033531	0.003138912	0	0	0.042300649	0.045835777	0	0.049737253	0.026219393	0.00405985	0.005427725	0.123021756	0	0	0.000607852	0.023722985	0.004235116	1.48219693752374e-323	0.003062281	0.009250259	NA	0.07976683	0.008723091	0.022927503	0	0.020148219	0	0.001744109	0.037831437	0	0	0	0	0	0.019563639	0.01648445	0	0.002871599	4.94065645841247e-324	0.028133109	0	4.94065645841247e-324	0.002677621	0	0	0	TT>AG
0	0	0.000638435	0.000302967	0	4.94065645841247e-324	0.000974957	0.001207844	0.017659342	0	0.05670882	3.95252516672997e-323	0.008208459	0	0.002481114	0.003620379	0	0	0.06484231	0.115017551	0	0	4.94065645841247e-324	0.002090536	0.03793932	0.159845581	0	0	0	0	0.003803182	1.48219693752374e-323	0	0.011165421	NA	4.94065645841247e-324	0.019265739	0	4.94065645841247e-324	0.000706778	0	0.002367507	0.004974396	5.43e-292	0	0	0	0	0	9.88131291682493e-324	0	0.002596383	0	0.062530794	0	9.88131291682493e-324	0	0	0.059333205	0	TT>CA
0	0.010074124	0.004388124	0	0.000350947	0.152119752	0.013230329	0.00262232	0.026997921	0	0.038743141	0	0.00454059	0	0	0	0.007967278	0	0	0.017749446	0	0	4.91e-48	0	0.194393785	0	0	0.016902056	0.000447184	0	0.021527442	1.97626258336499e-323	0.005671021	0.010233264	NA	0.016799571	0.124453444	0	0	0.020025297	0.025464758	0.001095198	0	0.008732447	0	0	0	0.026199501	0	5.95e-73	0	0.004581636	0.207776128	0.001600457	0	0.173159859	0.017854928	0	0	0.370095687	TT>CC
0	0	0	0.000198196	0	0.004207098	2.94e-299	5.99e-05	0.0046815	0	0.009628866	1.48219693752374e-323	0.00671675	0.000236847	0.000724936	0	0	0.001593263	0	0.017300079	0	0	4.94065645841247e-324	0	0	0.015430607	0	0.017879642	0	0	0	0	0.001441386	0.002477236	NA	0	4.94065645841247e-324	0.023061105	0	0.039844107	0	0.000738944	9.88131291682493e-324	0.000129019	0	0	0	0	0	0.000469442	0	8.95e-10	0	0.003267013	4.94065645841247e-324	0.005307858	0.000247012	0	0	0	TT>CG
0	0	0.005030887	9.57e-05	0.000186288	0.053219262	0.001883492	0.001373274	0.014596896	0	0.020971946	1.08694442085074e-322	0	0	0.001288453	0	0	0	0.00044594	0.025265804	0	0	4.94065645841247e-324	0.00205135	2.47032822920623e-323	1.28e-16	0	0	0.000256273	0	0.009420579	4.94065645841247e-324	0	0.001103793	NA	3.23e-251	0.042017946	0.013631097	4.94065645841247e-324	0.013642273	0	0.001017165	9.88131291682493e-324	4.72e-226	0	0	0.090278388	0.009702148	0.003577991	0.027844251	0	0.006709384	0.039978386	0.058854121	0.017704077	0.144693946	0	0	0	0	TT>GA
0	0	0.001017702	0.000115055	0	4.94065645841247e-324	0.002827966	0.001062683	0.005648792	0.012766275	0.034055617	0	0	0.003213827	0.000447277	0	0	0	0	0.016354174	0	0	4.94065645841247e-324	0	0.093337931	0.048871208	0	0	0.000474111	0	0.022265659	1.97626258336499e-323	0	0.001245553	NA	0.014636064	4.94065645841247e-324	0.041974796	4.94065645841247e-324	0.067579865	0.035008744	0	0.070543192	1.06e-158	0	0	0	0.002212583	0	4.94065645841247e-324	0	0.000338502	0	0.002135253	0.009249974	4.94065645841247e-324	0	0	0	0	TT>GC
0	0.003425102	0.001921515	0.000127903	0	0.155628185	0.001475969	0.001712695	0.007818899	0	0.007986481	0	0	0.001054585	0	0	4.94065645841247e-324	0	0	0.043993221	0	0	3.45845952088873e-323	1.59e-05	4.94065645841247e-324	0.123675876	0	0.056197471	0.000539588	0	0.024284816	0.004002236	0	0	NA	0.030141335	4.94065645841247e-324	0.354586108	1.48219693752374e-323	0.086831072	0	0.001150984	0.057550588	0.002627168	0	0	0	0	0	2.54e-115	0	0.003372351	0.006100343	0.005750038	0.048216361	1.03753785626662e-322	0	0	0	0	TT>GG
