Signatures	SBS1	SBS2	SBS3	SBS5	SBS13	SBS17a	SBS17b	SBS18	SBS40
A[C>A]A	0.000886	5.8e-07	0.0208	0.012	0.00182	0.00207	0.000608	0.0515	0.0282
A[C>A]C	0.00228	0.000148	0.0165	0.00944	0.000721	0.000918	0.000129	0.0158	0.0134
A[C>A]G	0.000177	5.2300000000000004e-05	0.00175	0.00185	0.000264	4.7600000000000005e-05	5.8200000000000005e-05	0.00243	0.00292
A[C>A]T	0.00128	9.779999999999999e-05	0.0122	0.0066099999999999996	0.000348	6.18e-05	0.00045599999999999997	0.0214	0.0148
A[C>G]A	0.00186	2.2299999999999998e-16	0.0197	0.0101	0.00387	0.00101	0.000146	0.00173	0.0122
A[C>G]C	0.00122	0.000133	0.0117	0.0057	0.000951	0.0005690000000000001	4.34e-05	0.00259	0.00868
A[C>G]G	0.00011499999999999999	1.52e-05	0.00025299999999999997	0.00172	0.000264	0.000152	2.2299999999999998e-16	0.0019199999999999998	0.00225
A[C>G]T	0.00114	9.120000000000001e-05	0.0174	0.0101	0.004	1.9600000000000002e-05	0.000319	0.004079999999999999	0.0146
A[C>T]A	0.025	6.11e-05	0.0142	0.0326	0.00718	0.00122	0.000571	0.0092	0.0197
A[C>T]C	0.00632	0.0013800000000000002	0.0124	0.0179	2.22e-16	0.0017100000000000001	7.03e-05	0.00465	0.0121
A[C>T]G	0.365	3.27e-05	0.00257	0.00618	0.000303	3.9500000000000005e-05	0.00028700000000000004	0.0122	0.000267
A[C>T]T	0.00958	0.00186	0.0121	0.022	0.00031800000000000003	0.000737	0.000147	0.00797	0.0169
A[T>A]A	0.0008	9.590000000000001e-05	0.00549	0.007379999999999999	2.22e-16	0.00101	6.26e-05	0.00249	0.0061
A[T>A]C	0.00223	0.000878	0.007209999999999999	0.0069299999999999995	6.52e-05	0.000997	0.00028900000000000003	0.000878	0.0044399999999999995
A[T>A]G	0.00114	2.55e-05	0.009640000000000001	0.00912	0.00059	0.0002	6.57e-05	0.0026	0.0069299999999999995
A[T>A]T	0.000183	2.2299999999999998e-16	0.00611	0.0062	0.000606	0.00146	0.000633	0.00784	0.0107
A[T>C]A	0.00109	6.17e-05	0.0165	0.0462	0.0019100000000000002	9.65e-05	9.73e-05	0.00202	0.0187
A[T>C]C	0.0030399999999999997	2.15e-05	0.0077599999999999995	0.0134	0.00014199999999999998	0.0127	0.000252	0.00209	0.00734
A[T>C]G	0.000106	1.32e-05	0.0123	0.0382	0.00042800000000000005	0.000376	2.2299999999999998e-16	0.0020800000000000003	0.0155
A[T>C]T	0.0057399999999999994	0.000155	0.0173	0.0383	0.000959	0.007790000000000001	0.000544	0.00424	0.0194
A[T>G]A	0.000172	0.00023799999999999998	0.00395	0.00386	6.14e-05	0.000851	0.00141	0.000721	0.0072299999999999994
A[T>G]C	0.000207	7.46e-05	0.0026	0.0026	2.22e-16	0.0007	0.00448	0.000858	0.00705
A[T>G]G	0.000268	2.05e-06	0.0063	0.007940000000000001	8.25e-05	0.000719	0.00099	0.00199	0.00806
A[T>G]T	0.00011200000000000001	3.76e-06	0.0039700000000000004	0.00483	0.00032	0.0125	0.0691	0.0018399999999999998	0.018
C[C>A]A	0.000312	0.00020800000000000001	0.0225	0.00743	0.0014	0.000295	0.000271	0.074	0.0208
C[C>A]C	0.00179	9.53e-05	0.0253	0.00614	0.000968	0.00116	4.11e-05	0.0196	0.0147
C[C>A]G	9.32e-05	2.2299999999999998e-16	0.00251	0.00346	4.33e-06	2.22e-16	2.2299999999999998e-16	0.012	0.0025399999999999997
C[C>A]T	2.2299999999999998e-16	0.000421	0.0154	0.006490000000000001	2.22e-16	0.00013700000000000002	0.000182	0.0363	0.0147
C[C>G]A	2.4100000000000003e-05	2.2299999999999998e-16	0.0193	0.006959999999999999	0.00561	0.000553	0.000194	0.0006129999999999999	0.007559999999999999
C[C>G]C	7.68e-05	0.00035099999999999997	0.0141	0.00907	0.000648	0.00023500000000000002	4.66e-05	0.0022600000000000003	0.00935
C[C>G]G	0.000352	4.8700000000000005e-05	0.0015	0.00249	0.000488	0.00023199999999999997	2.2299999999999998e-16	0.00358	0.00168
C[C>G]T	2.2299999999999998e-16	6.36e-05	0.0223	0.00953	0.0064	3.9e-05	0.000193	0.00379	0.0139
C[C>T]A	0.002	0.00432	0.0161	0.0194	1.93e-05	0.0008210000000000001	0.00045700000000000005	0.0117	0.0196
C[C>T]C	0.00027	0.00016999999999999999	0.0202	0.019	0.00135	0.00172	5.8899999999999995e-05	0.0067599999999999995	0.0173
C[C>T]G	0.196	0.00277	0.00224	0.0175	0.00199	0.0019	0.000543	0.0168	0.00236
C[C>T]T	0.000196	0.00145	0.023	0.0231	0.00145	0.0017399999999999998	0.000136	0.00665	0.0216
C[T>A]A	4.3e-05	0.00024300000000000002	0.007940000000000001	0.0035399999999999997	0.00020899999999999998	0.000434	9.36e-05	0.000542	0.00109
C[T>A]C	0.000393	0.000244	0.0178	0.00519	0.000342	0.0405	0.00224	0.0030600000000000002	0.00762
C[T>A]G	0.000324	0.000149	0.0132	0.0050100000000000006	0.000226	0.0124	0.000717	0.00321	0.00346
C[T>A]T	0.00026000000000000003	2.2299999999999998e-16	0.0127	0.0043	0.000523	0.0723	0.007790000000000001	0.0022600000000000003	0.00928
C[T>C]A	2.2299999999999998e-16	0.000302	0.00883	0.0133	4.74e-05	0.0111	0.000647	0.000386	0.0109
C[T>C]C	0.0025	2.8499999999999998e-05	0.0145	0.0104	0.000122	0.17300000000000001	0.00646	0.00246	0.00987
C[T>C]G	0.00036	2.2299999999999998e-16	0.0101	0.0208	2.22e-16	0.0873	0.00392	0.00162	0.0105
C[T>C]T	4.26e-05	0.00018600000000000002	0.0158	0.0149	0.00011200000000000001	0.426	0.0183	0.00256	0.0136
C[T>G]A	3.5499999999999996e-05	0.000153	0.004370000000000001	0.00259	4.14e-05	0.00031	0.00205	0.00011100000000000001	0.00335
C[T>G]C	0.000212	0.000155	0.00704	0.00461	2.82e-06	0.0010400000000000001	0.0314	0.00199	0.0056700000000000006
C[T>G]G	0.000128	0.000121	0.0107	0.00613	2.22e-16	1.94e-06	0.0137	0.00293	0.0055899999999999995
C[T>G]T	0.000171	0.00020299999999999997	0.00703	0.0073	5.550000000000001e-05	0.0053100000000000005	0.55	0.00414	0.0131
G[C>A]A	0.00158	8.62e-05	0.00713	0.0102	0.000949	0.0017800000000000001	0.000998	0.109	0.0142
G[C>A]C	0.000339	2.2299999999999998e-16	0.0109	0.00765	0.00045099999999999996	0.00128	2.78e-06	0.0173	0.0102
G[C>A]G	0.000587	1.39e-05	0.00143	0.00234	0.000164	0.000106	9.240000000000001e-05	0.007559999999999999	0.00255
G[C>A]T	2.2299999999999998e-16	5.12e-05	0.01	0.0068200000000000005	6.15e-05	4.7e-05	0.000534	0.0623	0.0108
G[C>G]A	9.59e-06	6.54e-05	0.0127	0.00468	0.0015	0.000878	5.99e-05	0.0006349999999999999	0.00506
G[C>G]C	0.000164	0.000261	0.00863	0.0050799999999999994	0.000479	0.0008349999999999999	5.550000000000001e-05	0.00134	0.005370000000000001
G[C>G]G	0.000166	2.2299999999999998e-16	0.00242	0.00151	0.000241	2.37e-05	2.2299999999999998e-16	0.0006389999999999999	0.00119
G[C>G]T	2.2299999999999998e-16	0.000134	0.0147	0.00672	0.0027	0.000787	2.2299999999999998e-16	0.00123	0.00698
G[C>T]A	0.0044399999999999995	2.2299999999999998e-16	0.0164	0.0194	0.00718	0.00164	6.11e-05	0.00968	0.0143
G[C>T]C	9.279999999999999e-05	1.29e-07	0.0134	0.0216	0.000921	2.22e-16	0.000157	0.00817	0.0116
G[C>T]G	0.218	2.2299999999999998e-16	0.000528	0.0123	0.000178	0.00161	0.0008550000000000001	0.0148	3.93e-18
G[C>T]T	3.84e-05	5.04e-05	0.0113	0.0186	0.0012699999999999999	6.6e-05	2.2299999999999998e-16	0.006690000000000001	0.0127
G[T>A]A	8.120000000000001e-05	2.2299999999999998e-16	0.0070599999999999994	0.00367	6.7e-06	6.459999999999998e-05	9.73e-05	0.0016	0.00265
G[T>A]C	0.000129	0.000131	0.00748	0.0029100000000000003	0.00013000000000000002	0.0034	0.00034700000000000003	0.00195	0.00343
G[T>A]G	0.000246	6.38e-05	0.0116	0.00411	4.7e-05	0.000695	0.000241	0.00183	0.00441
G[T>A]T	0.000258	6.28e-05	0.0123	0.00322	0.00035800000000000003	0.0048	0.00158	0.00346	0.00577
G[T>C]A	0.00105	2.2299999999999998e-16	0.00998	0.0141	0.00028700000000000004	0.000123	5.9499999999999996e-05	0.000708	0.00601
G[T>C]C	0.0019	2.7399999999999995e-05	0.00564	0.007940000000000001	0.000182	0.0149	0.0015	0.0022600000000000003	0.00458
G[T>C]G	0.00117	0.00010700000000000001	0.0109	0.015	0.000195	0.0035700000000000003	0.00101	0.00398	0.00565
G[T>C]T	7.13e-05	1.25e-05	0.0102	0.0137	2.22e-16	0.00524	0.00147	0.00315	0.00731
G[T>G]A	2.2299999999999998e-16	0.00020899999999999998	0.00442	0.00252	8.77e-05	0.000495	0.000281	0.0008699999999999999	0.00249
G[T>G]C	2.2299999999999998e-16	0.000133	0.00234	0.0017100000000000001	2.22e-16	0.000204	0.00625	3.7e-05	0.00224
G[T>G]G	0.000348	3.71e-05	0.0109	0.0053	0.000426	0.0008349999999999999	0.00148	0.00583	0.00445
G[T>G]T	1.4599999999999999e-05	2.2299999999999998e-16	0.00583	0.00235	2.89e-06	0.007240000000000001	0.114	0.00214	0.00548
T[C>A]A	6.579999999999999e-05	0.0006389999999999999	0.008409999999999999	0.007859999999999999	0.079	0.00018999999999999998	1.24e-05	0.0738	0.026
T[C>A]C	0.00253	0.00016999999999999999	0.0168	0.009170000000000001	0.0294	2.59e-05	2.2299999999999998e-16	0.0436	0.021
T[C>A]G	2.2299999999999998e-16	8.53e-05	0.00141	0.0023	0.0121	2.22e-16	9.51e-05	0.0127	0.00317
T[C>A]T	5.88e-06	0.00044	0.00997	0.0127	0.0355	0.000288	0.00257	0.122	0.0241
T[C>G]A	2.2299999999999998e-16	2.2299999999999998e-16	0.0133	0.007809999999999999	0.317	0.00375	0.00016	0.00214	0.0125
T[C>G]C	0.00020299999999999997	9.87e-05	0.0203	0.0076	0.0635	0.000723	6.18e-05	0.00464	0.0141
T[C>G]G	6.94e-05	4.1200000000000005e-05	0.0005200000000000001	0.0017100000000000001	0.0138	0.00037999999999999997	1.55e-05	0.0008990000000000001	0.0017399999999999998
T[C>G]T	0.00156	0.00118	0.0235	0.0125	0.369	0.000283	0.0015	0.00318	0.0237
T[C>T]A	0.0011099999999999999	0.536	0.00576	0.0203	0.0069299999999999995	0.000532	0.00010800000000000001	0.0114	0.03
T[C>T]C	3.73e-05	0.0973	0.0133	0.023	0.00448	9.059999999999999e-05	0.000604	0.0114	0.0231
T[C>T]G	0.11	0.0442	0.000989	0.0159	0.00119	0.000177	6.24e-05	0.0118	0.00212
T[C>T]T	2.2299999999999998e-16	0.3	0.00817	0.021	0.0014199999999999998	0.000348	0.000895	0.00375	0.0224
T[T>A]A	0.00672	0.00042199999999999996	0.006509999999999999	0.0063100000000000005	0.000296	0.00011899999999999999	0.00119	0.0108	0.00713
T[T>A]C	2.2299999999999998e-16	0.000192	0.0105	0.00414	0.00023199999999999997	0.0057	0.000242	0.0027300000000000002	0.0103
T[T>A]G	2.8000000000000003e-05	5.01e-05	0.00671	0.00479	0.000188	0.00183	2.2299999999999998e-16	0.00179	0.00502
T[T>A]T	0.00225	0.000205	0.013	0.00875	6.2e-05	0.00198	0.00131	0.0071	0.021
T[T>C]A	0.00025499999999999996	2.2299999999999998e-16	0.0152	0.018	2.2100000000000002e-05	0.00209	0.00106	0.0018	0.0102
T[T>C]C	0.00339	4.35e-05	0.00899	0.00971	2.49e-05	0.0153	0.0011	0.00618	0.00755
T[T>C]G	0.00041600000000000003	0.000117	0.0069299999999999995	0.0127	9.98e-05	0.00235	0.00121	0.0032600000000000003	0.00601
T[T>C]T	0.00433	3.5799999999999996e-05	0.0139	0.0185	0.000531	0.021	0.001	0.00337	0.0102
T[T>G]A	2.2299999999999998e-16	1.67e-05	0.00725	0.005220000000000001	0.000184	2.22e-16	1.22e-05	0.000696	0.008459999999999999
T[T>G]C	5.5100000000000004e-05	7.04e-05	0.00628	0.00656	2.22e-16	0.00011599999999999999	0.00875	0.0021	0.0114
T[T>G]G	0.000583	9.54e-05	0.00805	0.006940000000000001	3.6700000000000004e-05	0.0009199999999999999	0.0047799999999999995	0.00145	0.00866
T[T>G]T	2.2299999999999998e-16	2.2299999999999998e-16	0.0105	0.0135	1.89e-05	0.00458	0.122	0.0051600000000000005	0.025
